# Bell (1982) - row 1 = Theta (5040/T) - col 1 = Angstrom - cols Table (10^-26 scaled units: cm4 dyne-1)
0.5 0.8 1.0 1.2 1.6 2.0 2.8 3.6
4550 3.46e-2 5.06e-2 5.93e-2 6.71e-2 8.13e-2 9.47e-2 1.20e-1 1.42e-1
5063 3.88e-2 5.80e-2 6.72e-2 7.57e-2 9.05e-2 1.05e-1 1.33e-1 1.59e-1
5695 4.62e-2 6.81e-2 7.84e-2 8.74e-2 1.04e-1 1.20e-1 1.52e-1 1.83e-1
6509 5.80e-2 8.36e-2 9.54e-2 1.06e-1 1.25e-1 1.45e-1 1.84e-1 2.23e-1
7594 7.74e-2 1.07e-1 1.21e-1 1.34e-1 1.57e-1 1.81e-1 2.29e-1 2.79e-1
9113 1.10e-1 1.47e-1 1.65e-1 1.82e-1 2.12e-1 2.42e-1 3.04e-1 3.71e-1
11391 1.68e-1 2.21e-1 2.47e-1 2.70e-1 3.14e-1 3.53e-1 4.45e-1 5.40e-1
15188 2.91e-1 3.78e-1 4.22e-1 4.60e-1 5.29e-1 5.93e-1 7.16e-1 8.37e-1
22782 6.43e-1 8.30e-1 9.29e-1 1.02 1.17 1.31 1.56 1.79
30376 1.13 1.46 1.64 1.80 2.08 2.34 2.79 3.18
36451 1.63 2.10 2.36 2.59 3.01 3.38 4.04 4.60
45564 2.54 3.28 3.68 4.04 4.71 5.31 6.37 7.27
60751 4.48 5.81 6.53 7.18 8.38 9.49 1.14e1 1.31e1
91127 1.01e1 1.31e1 1.47e1 1.62e1 1.89e1 2.15e1 2.60e1 2.99e1
113909 1.58e1 2.04e1 2.29e1 2.53e1 2.96e1 3.36e1 4.08e1 4.70e1
151878 2.80e1 3.62e1 4.08e1 4.49e1 5.26e1 5.98e1 7.27e1 8.40e1
