191 .True. # Number of lines, conductive flag
# 5 line header for n-k original data
# Silver Ag -  Hagemann et al. (1975), Babar & Weaver (2015) - (metallic)
# Taken from: https://refractiveindex.info/?shelf=main&book=Ag&page=Babar
# wl(um)      n                k
2.480E-06 1.003E+00 3.98E-12
6.199E-06 9.980E-01 1.15E-10
1.240E-05 9.990E-01 1.49E-09
1.653E-05 1.000E+00 4.33E-09
2.480E-05 1.003E+00 1.92E-08
3.100E-05 1.003E+00 4.64E-08
4.133E-05 1.000E+00 1.32E-07
4.769E-05 1.001E+00 2.11E-07
4.959E-05 1.001E+00 3.63E-08
6.199E-05 9.990E-01 9.57E-08
1.240E-04 9.990E-01 1.29E-06
1.550E-04 1.000E+00 2.92E-06
2.066E-04 1.002E+00 8.36E-06
2.480E-04 1.001E+00 1.52E-05
2.755E-04 1.001E+00 2.21E-05
3.100E-04 1.003E+00 3.57E-05
3.444E-04 1.003E+00 3.24E-05
3.542E-04 1.003E+00 1.72E-05
4.133E-04 1.001E+00 1.43E-05
4.959E-04 1.001E+00 2.40E-05
6.199E-04 1.001E+00 4.72E-05
8.266E-04 9.990E-01 1.21E-04
1.240E-03 9.980E-01 5.23E-04
1.550E-03 9.970E-01 1.08E-03
1.675E-03 9.980E-01 1.42E-03
2.066E-03 9.970E-01 2.69E-03
2.480E-03 9.970E-01 4.57E-03
3.100E-03 9.980E-01 8.82E-03
3.351E-03 1.007E+00 8.23E-03
3.542E-03 1.001E+00 1.68E-03
4.133E-03 9.960E-01 2.32E-03
4.428E-03 9.940E-01 2.70E-03
4.769E-03 9.920E-01 3.11E-03
5.166E-03 9.890E-01 3.50E-03
5.636E-03 9.870E-01 3.45E-03
6.199E-03 9.820E-01 3.77E-03
6.888E-03 9.780E-01 4.31E-03
7.293E-03 9.730E-01 4.42E-03
7.749E-03 9.680E-01 4.38E-03
8.266E-03 9.630E-01 4.07E-03
8.856E-03 9.550E-01 3.54E-03
9.537E-03 9.430E-01 3.66E-03
1.033E-02 9.260E-01 6.22E-03
1.127E-02 9.020E-01 1.72E-02
1.181E-02 8.900E-01 2.61E-02
1.240E-02 8.760E-01 3.82E-02
1.305E-02 8.610E-01 5.65E-02
1.378E-02 8.490E-01 8.42E-02
1.459E-02 8.460E-01 1.11E-01
1.550E-02 8.480E-01 1.39E-01
1.590E-02 8.510E-01 1.49E-01
1.631E-02 8.530E-01 1.58E-01
1.675E-02 8.530E-01 1.66E-01
1.722E-02 8.510E-01 1.81E-01
1.771E-02 8.590E-01 1.97E-01
1.823E-02 8.710E-01 2.08E-01
1.879E-02 8.830E-01 2.11E-01
1.937E-02 8.850E-01 2.10E-01
2.000E-02 8.810E-01 2.11E-01
2.066E-02 8.730E-01 2.21E-01
2.138E-02 8.680E-01 2.37E-01
2.214E-02 8.710E-01 2.59E-01
2.296E-02 8.850E-01 2.74E-01
2.339E-02 8.900E-01 2.75E-01
2.384E-02 8.890E-01 2.76E-01
2.431E-02 8.860E-01 2.81E-01
2.480E-02 8.840E-01 2.90E-01
2.530E-02 8.850E-01 3.00E-01
2.583E-02 8.880E-01 3.09E-01
2.638E-02 8.930E-01 3.17E-01
2.695E-02 8.960E-01 3.23E-01
2.818E-02 8.990E-01 3.34E-01
2.952E-02 8.970E-01 3.49E-01
3.100E-02 8.960E-01 3.68E-01
3.179E-02 8.950E-01 3.78E-01
3.263E-02 8.920E-01 3.88E-01
3.351E-02 8.850E-01 4.00E-01
3.444E-02 8.760E-01 4.18E-01
3.542E-02 8.650E-01 4.54E-01
3.647E-02 8.790E-01 4.89E-01
3.757E-02 8.990E-01 5.14E-01
3.875E-02 9.210E-01 5.28E-01
3.999E-02 9.320E-01 5.34E-01
4.133E-02 9.300E-01 5.41E-01
4.275E-02 9.190E-01 5.57E-01
4.350E-02 9.110E-01 5.72E-01
4.428E-02 9.020E-01 5.90E-01
4.509E-02 8.910E-01 6.16E-01
4.592E-02 8.860E-01 6.50E-01
4.679E-02 8.890E-01 6.91E-01
4.769E-02 8.970E-01 7.34E-01
4.862E-02 9.130E-01 7.78E-01
4.959E-02 9.470E-01 8.28E-01
5.061E-02 9.890E-01 8.68E-01
5.166E-02 1.039E+00 9.04E-01
5.276E-02 1.104E+00 9.30E-01
5.391E-02 1.175E+00 9.43E-01
5.510E-02 1.262E+00 9.35E-01
5.636E-02 1.338E+00 8.74E-01
5.767E-02 1.368E+00 8.01E-01
5.904E-02 1.346E+00 7.45E-01
6.199E-02 1.290E+00 7.14E-01
6.525E-02 1.266E+00 7.52E-01
6.888E-02 1.281E+00 8.05E-01
7.293E-02 1.330E+00 9.64E-01
7.749E-02 1.421E+00 9.10E-01
8.266E-02 1.660E+00 9.18E-01
8.551E-02 1.644E+00 8.75E-01
8.856E-02 1.720E+00 7.83E-01
9.537E-02 1.655E+00 6.40E-01
1.033E-01 1.608E+00 5.87E-01
1.127E-01 1.545E+00 5.53E-01
1.240E-01 1.462E+00 5.57E-01
1.378E-01 1.326E+00 5.62E-01
1.550E-01 1.160E+00 7.53E-01
1.653E-01 1.142E+00 9.11E-01
1.771E-01 1.178E+00 1.06E+00
1.907E-01 1.254E+00 1.18E+00
0.2066 1.079 1.247
0.2101 1.101 1.258
0.2138 1.121 1.267
0.2175 1.140 1.272
0.2214 1.157 1.280
0.2254 1.169 1.283
0.2296 1.181 1.287
0.2339 1.190 1.294
0.2384 1.198 1.306
0.2431 1.215 1.317
0.2480 1.233 1.326
0.2530 1.254 1.328
0.2583 1.270 1.327
0.2638 1.294 1.329
0.2695 1.321 1.310
0.2755 1.348 1.291
0.2818 1.380 1.247
0.2883 1.402 1.181
0.2952 1.427 1.079
0.3024 1.410 0.894
0.3100 1.265 0.656
0.3179 0.859 0.466
0.3263 0.307 0.651
0.3351 0.187 1.042
0.3444 0.142 1.269
0.3542 0.106 1.467
0.3647 0.076 1.645
0.3757 0.061 1.815
0.3875 0.050 1.981
0.3999 0.054 2.138
0.4133 0.050 2.292
0.4275 0.051 2.448
0.4428 0.052 2.604
0.4592 0.052 2.765
0.4769 0.053 2.930
0.4959 0.052 3.105
0.5166 0.052 3.288
0.5391 0.05168 3.483
0.5636 0.05009 3.694
0.5904 0.04977 3.918
0.6199 0.04803 4.164
0.6525 0.04964 4.432
0.6888 0.05080 4.725
0.7293 0.05151 5.048
0.7749 0.05269 5.409
0.8266 0.05504 5.814
0.8856 0.05896 6.276
0.9537 0.06542 6.802
1.033 0.07286 7.412
1.127 0.08427 8.128
1.240 0.09799 8.981
1.305 0.1056 9.472
1.378 0.1143 10.018
1.459 0.1256 10.63
1.550 0.1388 11.31
1.653 0.1543 12.08
1.771 0.1735 12.97
1.907 0.1988 13.98
2.066 0.2315 15.16
2.254 0.2724 16.56
2.480 0.3256 18.23
2.755 0.3970 20.26
3.100 0.4960 22.80
3.542 0.6387 26.05
4.133 0.8566 30.37
4.959 1.228 36.37
6.199 1.851 45.26
8.266 3.227 59.73
12.4000 5.079 86.53
2.480E+01 3.670E+01 1.73E+02
4.959E+01 1.180E+02 3.06E+02
1.240E+02 3.090E+02 5.06E+02
2.480E+02 5.310E+02 6.89E+02
