486 .False. # Number of lines, conductive flag
# FILE:HRI_WATERICE_WARREN_ICE
# DESCRIPTION:Warren_ice 
# REF:HITRAN-RI 2016,Massie and Hervig 2013 and references therein.
# wl(um)      n                k
  4.4300E-02  8.2280E-01  1.6400E-01
  4.5100E-02  8.2500E-01  1.7300E-01
  4.5900E-02  8.2550E-01  1.8300E-01
  4.6800E-02  8.2580E-01  1.9500E-01
  4.7700E-02  8.2630E-01  2.0800E-01
  4.8600E-02  8.2810E-01  2.2300E-01
  4.9600E-02  8.3470E-01  2.4000E-01
  5.0600E-02  8.4280E-01  2.5000E-01
  5.1700E-02  8.4830E-01  2.5900E-01
  5.2800E-02  8.5050E-01  2.6800E-01
  5.3900E-02  8.4970E-01  2.7900E-01
  5.5100E-02  8.4890E-01  2.9700E-01
  5.6400E-02  8.5190E-01  3.1900E-01
  5.7700E-02  8.5660E-01  3.4000E-01
  5.9000E-02  8.6470E-01  3.6600E-01
  6.0500E-02  8.7970E-01  3.9200E-01
  6.2000E-02  8.9700E-01  4.1600E-01
  6.3600E-02  9.1730E-01  4.4000E-01
  6.5300E-02  9.4000E-01  4.6400E-01
  6.7000E-02  9.6790E-01  4.9200E-01
  6.8900E-02  1.0093E+00  5.1700E-01
  7.0800E-02  1.0536E+00  5.2800E-01
  7.2900E-02  1.0986E+00  5.3300E-01
  7.3800E-02  1.1183E+00  5.3400E-01
  7.5100E-02  1.1449E+00  5.3100E-01
  7.7500E-02  1.1885E+00  5.2400E-01
  8.0000E-02  1.2273E+00  5.1000E-01
  8.2700E-02  1.2629E+00  5.0000E-01
  8.5500E-02  1.3117E+00  4.9900E-01
  8.8600E-02  1.3807E+00  4.6800E-01
  9.1800E-02  1.4091E+00  3.8000E-01
  9.3000E-02  1.4028E+00  3.6000E-01
  9.5400E-02  1.3948E+00  3.3900E-01
  9.9200E-02  1.3964E+00  3.1800E-01
  1.0330E-01  1.4047E+00  2.9100E-01
  1.0780E-01  1.3981E+00  2.5100E-01
  1.1000E-01  1.3886E+00  2.4400E-01
  1.1270E-01  1.3806E+00  2.3900E-01
  1.1400E-01  1.3772E+00  2.3900E-01
  1.1810E-01  1.3783E+00  2.4400E-01
  1.2100E-01  1.3929E+00  2.4700E-01
  1.2400E-01  1.4061E+00  2.2400E-01
  1.2720E-01  1.3999E+00  1.9500E-01
  1.2950E-01  1.3777E+00  1.7400E-01
  1.3050E-01  1.3607E+00  1.7200E-01
  1.3190E-01  1.3389E+00  1.8000E-01
  1.3330E-01  1.3210E+00  1.9400E-01
  1.3480E-01  1.3030E+00  2.1300E-01
  1.3620E-01  1.2871E+00  2.4300E-01
  1.3700E-01  1.2849E+00  2.7100E-01
  1.3780E-01  1.2851E+00  2.8900E-01
  1.3870E-01  1.2970E+00  3.3400E-01
  1.3930E-01  1.3151E+00  3.4400E-01
  1.4090E-01  1.3575E+00  3.8200E-01
  1.4250E-01  1.4130E+00  4.0100E-01
  1.4350E-01  1.4525E+00  4.0650E-01
  1.4420E-01  1.4845E+00  4.0500E-01
  1.4500E-01  1.5157E+00  3.8900E-01
  1.4590E-01  1.5484E+00  3.7700E-01
  1.4680E-01  1.5729E+00  3.4500E-01
  1.4760E-01  1.5915E+00  3.3200E-01
  1.4800E-01  1.6021E+00  3.1500E-01
  1.4850E-01  1.6077E+00  2.9800E-01
  1.4940E-01  1.6156E+00  2.7400E-01
  1.5120E-01  1.6220E+00  2.2800E-01
  1.5310E-01  1.6311E+00  1.9800E-01
  1.5400E-01  1.6345E+00  1.7200E-01
  1.5500E-01  1.6363E+00  1.5600E-01
  1.5690E-01  1.6353E+00  1.1000E-01
  1.5800E-01  1.6309E+00  8.3000E-02
  1.5890E-01  1.6214E+00  5.8000E-02
  1.6100E-01  1.5818E+00  2.2000E-02
  1.6300E-01  1.5482E+00  8.4730E-03
  1.6500E-01  1.5225E+00  3.2630E-03
  1.6700E-01  1.5027E+00  1.2560E-03
  1.6900E-01  1.4870E+00  4.8370E-04
  1.7100E-01  1.4743E+00  1.8620E-04
  1.7300E-01  1.4635E+00  7.1650E-05
  1.7500E-01  1.4543E+00  2.7570E-05
  1.7700E-01  1.4462E+00  1.0610E-05
  1.7900E-01  1.4390E+00  4.0810E-06
  1.8100E-01  1.4326E+00  1.5700E-06
  1.8300E-01  1.4268E+00  5.4030E-07
  1.8500E-01  1.4215E+00  1.8290E-07
  1.8700E-01  1.4167E+00  6.2180E-08
  1.8900E-01  1.4122E+00  2.1130E-08
  1.9100E-01  1.4081E+00  7.1810E-09
  1.9300E-01  1.4043E+00  2.4400E-09
  1.9500E-01  1.4007E+00  8.2890E-10
  1.9700E-01  1.3974E+00  2.8160E-10
  1.9900E-01  1.3943E+00  9.5650E-11
  2.0100E-01  1.3914E+00  3.2490E-11
  2.0190E-01  1.3901E+00  2.0000E-11
  2.1000E-01  1.3801E+00  2.0000E-11
  2.5000E-01  1.3509E+00  2.0000E-11
  3.0000E-01  1.3339E+00  2.0000E-11
  3.5000E-01  1.3249E+00  2.0000E-11
  3.9000E-01  1.3203E+00  2.0000E-11
  4.0000E-01  1.3194E+00  2.3650E-11
  4.1000E-01  1.3185E+00  2.6690E-11
  4.2000E-01  1.3177E+00  3.1350E-11
  4.3000E-01  1.3170E+00  4.1400E-11
  4.4000E-01  1.3163E+00  6.2680E-11
  4.5000E-01  1.3157E+00  9.2390E-11
  4.6000E-01  1.3151E+00  1.3250E-10
  4.7000E-01  1.3145E+00  1.9560E-10
  4.8000E-01  1.3140E+00  2.8610E-10
  4.9000E-01  1.3135E+00  4.1720E-10
  5.0000E-01  1.3130E+00  5.8890E-10
  5.1000E-01  1.3126E+00  8.0360E-10
  5.2000E-01  1.3121E+00  1.0760E-09
  5.3000E-01  1.3117E+00  1.4090E-09
  5.4000E-01  1.3114E+00  1.8130E-09
  5.5000E-01  1.3110E+00  2.2890E-09
  5.6000E-01  1.3106E+00  2.8390E-09
  5.7000E-01  1.3103E+00  3.4610E-09
  5.8000E-01  1.3100E+00  4.1590E-09
  5.9000E-01  1.3097E+00  4.9300E-09
  6.0000E-01  1.3094E+00  5.7300E-09
  6.1000E-01  1.3091E+00  6.8900E-09
  6.2000E-01  1.3088E+00  8.5800E-09
  6.3000E-01  1.3085E+00  1.0400E-08
  6.4000E-01  1.3083E+00  1.2200E-08
  6.5000E-01  1.3080E+00  1.4300E-08
  6.6000E-01  1.3078E+00  1.6600E-08
  6.7000E-01  1.3076E+00  1.8900E-08
  6.8000E-01  1.3073E+00  2.0900E-08
  6.9000E-01  1.3071E+00  2.4000E-08
  7.0000E-01  1.3069E+00  2.9000E-08
  7.1000E-01  1.3067E+00  3.4400E-08
  7.2000E-01  1.3065E+00  4.0300E-08
  7.3000E-01  1.3062E+00  4.3000E-08
  7.4000E-01  1.3060E+00  4.9200E-08
  7.5000E-01  1.3059E+00  5.8700E-08
  7.6000E-01  1.3057E+00  7.0800E-08
  7.7000E-01  1.3055E+00  8.5800E-08
  7.8000E-01  1.3053E+00  1.0200E-07
  7.9000E-01  1.3051E+00  1.1800E-07
  8.0000E-01  1.3049E+00  1.3400E-07
  8.1000E-01  1.3047E+00  1.4000E-07
  8.2000E-01  1.3046E+00  1.4300E-07
  8.3000E-01  1.3044E+00  1.4500E-07
  8.4000E-01  1.3042E+00  1.5100E-07
  8.5000E-01  1.3040E+00  1.8300E-07
  8.6000E-01  1.3039E+00  2.1500E-07
  8.7000E-01  1.3037E+00  2.6500E-07
  8.8000E-01  1.3035E+00  3.3500E-07
  8.9000E-01  1.3033E+00  3.9200E-07
  9.0000E-01  1.3032E+00  4.2000E-07
  9.1000E-01  1.3030E+00  4.4400E-07
  9.2000E-01  1.3028E+00  4.7400E-07
  9.3000E-01  1.3027E+00  5.1100E-07
  9.4000E-01  1.3025E+00  5.5300E-07
  9.5000E-01  1.3023E+00  6.0200E-07
  9.6000E-01  1.3022E+00  7.5500E-07
  9.7000E-01  1.3020E+00  9.2600E-07
  9.8000E-01  1.3019E+00  1.1200E-06
  9.9000E-01  1.3017E+00  1.3300E-06
  1.0000E+00  1.3015E+00  1.6200E-06
  1.0100E+00  1.3014E+00  2.0000E-06
  1.0200E+00  1.3012E+00  2.2500E-06
  1.0300E+00  1.3010E+00  2.3300E-06
  1.0400E+00  1.3009E+00  2.3300E-06
  1.0500E+00  1.3007E+00  2.1700E-06
  1.0600E+00  1.3005E+00  1.9600E-06
  1.0700E+00  1.3003E+00  1.8100E-06
  1.0800E+00  1.3002E+00  1.7400E-06
  1.0900E+00  1.3000E+00  1.7300E-06
  1.1000E+00  1.2998E+00  1.7000E-06
  1.1100E+00  1.2997E+00  1.7600E-06
  1.1200E+00  1.2995E+00  1.8200E-06
  1.1300E+00  1.2993E+00  2.0400E-06
  1.1400E+00  1.2991E+00  2.2500E-06
  1.1500E+00  1.2990E+00  2.2900E-06
  1.1600E+00  1.2988E+00  3.0400E-06
  1.1700E+00  1.2986E+00  3.8400E-06
  1.1800E+00  1.2984E+00  4.7700E-06
  1.1900E+00  1.2982E+00  5.7600E-06
  1.2000E+00  1.2980E+00  6.7100E-06
  1.2100E+00  1.2979E+00  8.6600E-06
  1.2200E+00  1.2977E+00  1.0200E-05
  1.2300E+00  1.2975E+00  1.1300E-05
  1.2400E+00  1.2973E+00  1.2200E-05
  1.2500E+00  1.2971E+00  1.2900E-05
  1.2600E+00  1.2969E+00  1.3200E-05
  1.2700E+00  1.2967E+00  1.3500E-05
  1.2800E+00  1.2965E+00  1.3300E-05
  1.2900E+00  1.2963E+00  1.3200E-05
  1.3000E+00  1.2961E+00  1.3200E-05
  1.3100E+00  1.2959E+00  1.3100E-05
  1.3200E+00  1.2957E+00  1.3200E-05
  1.3300E+00  1.2955E+00  1.3200E-05
  1.3400E+00  1.2953E+00  1.3400E-05
  1.3500E+00  1.2951E+00  1.3900E-05
  1.3600E+00  1.2949E+00  1.4200E-05
  1.3700E+00  1.2946E+00  1.4800E-05
  1.3800E+00  1.2944E+00  1.5800E-05
  1.3900E+00  1.2941E+00  1.7400E-05
  1.4000E+00  1.2939E+00  1.9800E-05
  1.4100E+00  1.2937E+00  3.4420E-05
  1.4200E+00  1.2934E+00  5.9590E-05
  1.4300E+00  1.2931E+00  1.0280E-04
  1.4400E+00  1.2929E+00  1.5160E-04
  1.4490E+00  1.2927E+00  2.0300E-04
  1.4600E+00  1.2924E+00  2.9420E-04
  1.4710E+00  1.2921E+00  3.9870E-04
  1.4810E+00  1.2920E+00  4.9410E-04
  1.4930E+00  1.2918E+00  5.5320E-04
  1.5040E+00  1.2916E+00  5.3730E-04
  1.5150E+00  1.2914E+00  5.1430E-04
  1.5270E+00  1.2912E+00  4.9080E-04
  1.5380E+00  1.2909E+00  4.5940E-04
  1.5630E+00  1.2903E+00  3.8580E-04
  1.5870E+00  1.2897E+00  3.1050E-04
  1.6130E+00  1.2890E+00  2.6590E-04
  1.6500E+00  1.2879E+00  2.3610E-04
  1.6800E+00  1.2870E+00  2.0460E-04
  1.7000E+00  1.2863E+00  1.8750E-04
  1.7300E+00  1.2853E+00  1.6500E-04
  1.7600E+00  1.2843E+00  1.5220E-04
  1.8000E+00  1.2828E+00  1.4110E-04
  1.8300E+00  1.2816E+00  1.3020E-04
  1.8400E+00  1.2811E+00  1.3100E-04
  1.8500E+00  1.2807E+00  1.3390E-04
  1.8550E+00  1.2805E+00  1.3770E-04
  1.8600E+00  1.2802E+00  1.4320E-04
  1.8700E+00  1.2797E+00  1.6320E-04
  1.8900E+00  1.2788E+00  2.5660E-04
  1.9050E+00  1.2780E+00  4.0810E-04
  1.9230E+00  1.2771E+00  7.0600E-04
  1.9420E+00  1.2762E+00  1.1080E-03
  1.9610E+00  1.2756E+00  1.4420E-03
  1.9800E+00  1.2750E+00  1.6140E-03
  2.0000E+00  1.2744E+00  1.6400E-03
  2.0200E+00  1.2736E+00  1.5660E-03
  2.0410E+00  1.2728E+00  1.4580E-03
  2.0620E+00  1.2718E+00  1.2670E-03
  2.0830E+00  1.2707E+00  1.0230E-03
  2.1050E+00  1.2694E+00  7.5860E-04
  2.1300E+00  1.2677E+00  5.2550E-04
  2.1500E+00  1.2663E+00  4.0250E-04
  2.1700E+00  1.2648E+00  3.2350E-04
  2.1900E+00  1.2633E+00  2.7070E-04
  2.2200E+00  1.2609E+00  2.2280E-04
  2.2400E+00  1.2591E+00  2.0370E-04
  2.2450E+00  1.2587E+00  2.0260E-04
  2.2500E+00  1.2582E+00  2.0350E-04
  2.2600E+00  1.2573E+00  2.0780E-04
  2.2700E+00  1.2564E+00  2.1710E-04
  2.2900E+00  1.2545E+00  2.5380E-04
  2.3100E+00  1.2525E+00  3.1380E-04
  2.3300E+00  1.2504E+00  3.8580E-04
  2.3500E+00  1.2482E+00  4.5910E-04
  2.3700E+00  1.2459E+00  5.1870E-04
  2.3900E+00  1.2435E+00  5.6050E-04
  2.4100E+00  1.2409E+00  5.9560E-04
  2.4300E+00  1.2382E+00  6.2590E-04
  2.4600E+00  1.2337E+00  6.8200E-04
  2.5000E+00  1.2270E+00  7.5300E-04
  2.5200E+00  1.2232E+00  7.6850E-04
  2.5500E+00  1.2169E+00  7.6470E-04
  2.5650E+00  1.2135E+00  7.4730E-04
  2.5800E+00  1.2097E+00  7.3920E-04
  2.5900E+00  1.2071E+00  7.4370E-04
  2.6000E+00  1.2043E+00  7.5430E-04
  2.6200E+00  1.1983E+00  8.0590E-04
  2.6750E+00  1.1776E+00  1.3670E-03
  2.7250E+00  1.1507E+00  3.5080E-03
  2.7780E+00  1.1083E+00  1.3460E-02
  2.8170E+00  1.0657E+00  3.2450E-02
  2.8330E+00  1.0453E+00  4.5720E-02
  2.8490E+00  1.0236E+00  6.2870E-02
  2.8650E+00  1.0001E+00  8.5480E-02
  2.8820E+00  9.7470E-01  1.1980E-01
  2.8990E+00  9.5630E-01  1.6900E-01
  2.9150E+00  9.5380E-01  2.2100E-01
  2.9330E+00  9.6780E-01  2.7600E-01
  2.9500E+00  9.8730E-01  3.1200E-01
  2.9670E+00  1.0026E+00  3.4700E-01
  2.9850E+00  1.0180E+00  3.8800E-01
  3.0030E+00  1.0390E+00  4.3800E-01
  3.0210E+00  1.0722E+00  4.9300E-01
  3.0400E+00  1.1259E+00  5.5400E-01
  3.0580E+00  1.2089E+00  6.1200E-01
  3.0770E+00  1.3215E+00  6.2500E-01
  3.0960E+00  1.4225E+00  5.9300E-01
  3.1150E+00  1.4933E+00  5.3900E-01
  3.1350E+00  1.5478E+00  4.9100E-01
  3.1550E+00  1.5970E+00  4.3800E-01
  3.1750E+00  1.6336E+00  3.7200E-01
  3.1950E+00  1.6477E+00  3.0000E-01
  3.2150E+00  1.6405E+00  2.3800E-01
  3.2360E+00  1.6248E+00  1.9300E-01
  3.2570E+00  1.6108E+00  1.5800E-01
  3.2790E+00  1.5905E+00  1.2100E-01
  3.3000E+00  1.5714E+00  1.0300E-01
  3.3220E+00  1.5559E+00  8.3600E-02
  3.3450E+00  1.5396E+00  6.6800E-02
  3.3670E+00  1.5241E+00  5.3120E-02
  3.3900E+00  1.5086E+00  4.2860E-02
  3.4130E+00  1.4949E+00  3.5230E-02
  3.4360E+00  1.4827E+00  2.8870E-02
  3.4600E+00  1.4710E+00  2.3470E-02
  3.4840E+00  1.4604E+00  1.9210E-02
  3.5090E+00  1.4502E+00  1.5860E-02
  3.5340E+00  1.4411E+00  1.3260E-02
  3.5590E+00  1.4328E+00  1.1300E-02
  3.6240E+00  1.4146E+00  8.1460E-03
  3.7320E+00  1.3924E+00  6.6720E-03
  3.7750E+00  1.3850E+00  6.9660E-03
  3.8470E+00  1.3750E+00  8.2480E-03
  3.9690E+00  1.3623E+00  1.1120E-02
  4.0990E+00  1.3526E+00  1.4710E-02
  4.2390E+00  1.3447E+00  1.8670E-02
  4.3480E+00  1.3406E+00  2.4110E-02
  4.3870E+00  1.3401E+00  2.6560E-02
  4.4440E+00  1.3412E+00  2.9900E-02
  4.5050E+00  1.3444E+00  3.1790E-02
  4.5470E+00  1.3473E+00  3.0900E-02
  4.5600E+00  1.3482E+00  3.0070E-02
  4.5800E+00  1.3491E+00  2.8830E-02
  4.7190E+00  1.3470E+00  1.9400E-02
  4.9040E+00  1.3379E+00  1.3470E-02
  5.0000E+00  1.3325E+00  1.2400E-02
  5.1000E+00  1.3268E+00  1.2200E-02
  5.2000E+00  1.3212E+00  1.3020E-02
  5.2630E+00  1.3176E+00  1.3800E-02
  5.4000E+00  1.3100E+00  1.6830E-02
  5.5560E+00  1.3013E+00  2.2320E-02
  5.7140E+00  1.2933E+00  3.2560E-02
  5.7470E+00  1.2917E+00  3.5390E-02
  5.7800E+00  1.2906E+00  3.8830E-02
  5.8140E+00  1.2902E+00  4.2700E-02
  5.8480E+00  1.2904E+00  4.6430E-02
  5.8820E+00  1.2915E+00  5.0450E-02
  6.0610E+00  1.3015E+00  6.4390E-02
  6.1350E+00  1.3083E+00  6.5600E-02
  6.2500E+00  1.3152E+00  6.3600E-02
  6.2890E+00  1.3167E+00  6.2650E-02
  6.3290E+00  1.3178E+00  6.1700E-02
  6.3690E+00  1.3187E+00  6.1010E-02
  6.4100E+00  1.3194E+00  6.0310E-02
  6.4520E+00  1.3201E+00  5.9640E-02
  6.4940E+00  1.3207E+00  5.8990E-02
  6.5790E+00  1.3214E+00  5.7800E-02
  6.6670E+00  1.3219E+00  5.7000E-02
  6.7570E+00  1.3229E+00  5.6800E-02
  6.8970E+00  1.3242E+00  5.4280E-02
  7.0420E+00  1.3244E+00  5.1610E-02
  7.1430E+00  1.3236E+00  4.9400E-02
  7.2460E+00  1.3229E+00  4.8400E-02
  7.3530E+00  1.3218E+00  4.6000E-02
  7.4630E+00  1.3200E+00  4.4400E-02
  7.5760E+00  1.3183E+00  4.2900E-02
  7.6920E+00  1.3158E+00  4.0410E-02
  7.8120E+00  1.3123E+00  3.9110E-02
  7.9370E+00  1.3086E+00  3.8190E-02
  8.0650E+00  1.3047E+00  3.7600E-02
  8.1970E+00  1.3007E+00  3.7240E-02
  8.3330E+00  1.2964E+00  3.7000E-02
  8.4750E+00  1.2917E+00  3.6770E-02
  8.6960E+00  1.2835E+00  3.6540E-02
  8.9290E+00  1.2735E+00  3.6640E-02
  9.0910E+00  1.2655E+00  3.7060E-02
  9.2590E+00  1.2561E+00  3.7890E-02
  9.5240E+00  1.2387E+00  4.0260E-02
  9.8040E+00  1.2151E+00  4.4500E-02
  1.0000E+01  1.1926E+00  5.0080E-02
  1.0200E+01  1.1659E+00  6.4610E-02
  1.0310E+01  1.1501E+00  7.5000E-02
  1.0420E+01  1.1323E+00  8.8000E-02
  1.0530E+01  1.1136E+00  1.0800E-01
  1.0640E+01  1.0971E+00  1.3400E-01
  1.0750E+01  1.0867E+00  1.6800E-01
  1.0870E+01  1.0833E+00  2.0400E-01
  1.1000E+01  1.0886E+00  2.4800E-01
  1.1110E+01  1.1023E+00  2.8000E-01
  1.1360E+01  1.1439E+00  3.4100E-01
  1.1630E+01  1.1983E+00  3.7900E-01
  1.1900E+01  1.2546E+00  4.0900E-01
  1.2200E+01  1.3194E+00  4.2200E-01
  1.2500E+01  1.3822E+00  4.2200E-01
  1.2820E+01  1.4412E+00  4.0300E-01
  1.2990E+01  1.4683E+00  3.8900E-01
  1.3160E+01  1.4928E+00  3.7400E-01
  1.3330E+01  1.5132E+00  3.5400E-01
  1.3510E+01  1.5300E+00  3.3500E-01
  1.3700E+01  1.5458E+00  3.1500E-01
  1.3890E+01  1.5596E+00  2.9400E-01
  1.4080E+01  1.5701E+00  2.7100E-01
  1.4290E+01  1.5775E+00  2.4600E-01
  1.4710E+01  1.5762E+00  1.9800E-01
  1.5150E+01  1.5637E+00  1.6400E-01
  1.5380E+01  1.5559E+00  1.5200E-01
  1.5630E+01  1.5481E+00  1.4200E-01
  1.6130E+01  1.5353E+00  1.2800E-01
  1.6390E+01  1.5302E+00  1.2500E-01
  1.6670E+01  1.5294E+00  1.2300E-01
  1.6950E+01  1.5306E+00  1.1600E-01
  1.7240E+01  1.5303E+00  1.0700E-01
  1.8180E+01  1.5141E+00  7.9000E-02
  1.8320E+01  1.5104E+00  7.7520E-02
  1.8610E+01  1.5043E+00  7.4550E-02
  1.8870E+01  1.4982E+00  7.2000E-02
  1.9230E+01  1.4939E+00  7.6000E-02
  1.9610E+01  1.4963E+00  7.5000E-02
  2.0000E+01  1.4986E+00  6.7000E-02
  2.0410E+01  1.4956E+00  5.5000E-02
  2.0830E+01  1.4877E+00  4.5000E-02
  2.2220E+01  1.4575E+00  2.9000E-02
  2.2600E+01  1.4486E+00  2.7500E-02
  2.3050E+01  1.4390E+00  2.7000E-02
  2.3600E+01  1.4282E+00  2.7300E-02
  2.4600E+01  1.4102E+00  2.8900E-02
  2.5000E+01  1.4030E+00  3.0000E-02
  2.6000E+01  1.3854E+00  3.4000E-02
  2.8570E+01  1.3404E+00  5.1220E-02
  3.1000E+01  1.2969E+00  8.6150E-02
  3.3330E+01  1.2641E+00  1.3480E-01
  3.4480E+01  1.2530E+00  1.6150E-01
  3.5640E+01  1.2445E+00  1.8950E-01
  3.7000E+01  1.2371E+00  2.2270E-01
  3.8240E+01  1.2317E+00  2.5280E-01
  3.9600E+01  1.2243E+00  2.8530E-01
  4.1140E+01  1.2054E+00  3.2400E-01
  4.2760E+01  1.1742E+00  3.9450E-01
  4.3580E+01  1.1549E+00  4.5210E-01
  4.4580E+01  1.1496E+00  5.5350E-01
  4.5500E+01  1.1853E+00  6.7820E-01
  4.6150E+01  1.2543E+00  7.6840E-01
  4.6710E+01  1.3474E+00  8.2540E-01
  4.7360E+01  1.4725E+00  8.4580E-01
  4.8000E+01  1.5874E+00  8.1580E-01
  4.8780E+01  1.6841E+00  7.4140E-01
  5.0030E+01  1.7505E+00  6.1910E-01
  5.1280E+01  1.7649E+00  5.3530E-01
  5.2750E+01  1.7668E+00  4.7800E-01
  5.3500E+01  1.7687E+00  4.5990E-01
  5.4240E+01  1.7792E+00  4.4680E-01
  5.5000E+01  1.7955E+00  4.2140E-01
  5.5740E+01  1.8052E+00  3.8600E-01
  5.6400E+01  1.8041E+00  3.5080E-01
  5.7000E+01  1.7940E+00  3.1960E-01
  5.7460E+01  1.7805E+00  2.9810E-01
  5.8400E+01  1.7410E+00  2.6590E-01
  5.9290E+01  1.6930E+00  2.5690E-01
  6.0000E+01  1.6610E+00  2.7850E-01
  6.1000E+01  1.6419E+00  3.0760E-01
  6.1250E+01  1.6396E+00  3.1460E-01
  6.2500E+01  1.6372E+00  3.4710E-01
  6.3780E+01  1.6471E+00  3.7480E-01
  6.4670E+01  1.6596E+00  3.9020E-01
  6.5580E+01  1.6754E+00  4.0240E-01
  6.6550E+01  1.6945E+00  4.1150E-01
  6.7600E+01  1.7167E+00  4.1670E-01
  6.9000E+01  1.7466E+00  4.1670E-01
  7.0530E+01  1.7780E+00  4.0890E-01
  7.3000E+01  1.8185E+00  3.8300E-01
  7.5000E+01  1.8419E+00  3.5430E-01
  7.6290E+01  1.8504E+00  3.3400E-01
  8.0000E+01  1.8617E+00  2.9440E-01
  8.2970E+01  1.8669E+00  2.6790E-01
  8.5000E+01  1.8688E+00  2.5190E-01
  8.6800E+01  1.8699E+00  2.3900E-01
  9.0800E+01  1.8698E+00  2.1400E-01
  9.5170E+01  1.8681E+00  1.9130E-01
  1.0000E+02  1.8654E+00  1.7060E-01
  1.2000E+02  1.8499E+00  1.1510E-01
  1.6000E+02  1.8268E+00  6.6840E-02
  2.1000E+02  1.8114E+00  4.2820E-02
  3.0000E+02  1.7989E+00  2.5490E-02
  5.0000E+02  1.7908E+00  1.4050E-02
  1.3000E+03  1.7868E+00  5.1730E-03
  5.0000E+03  1.7861E+00  1.3370E-03
  1.9000E+04  1.7861E+00  3.5740E-04
  3.9000E+04  1.7861E+00  1.8390E-04
  6.1000E+04  1.7861E+00  1.2940E-04
  8.6000E+04  1.7861E+00  1.0580E-04
  1.1000E+05  1.7861E+00  9.6750E-05
  1.4000E+05  1.7861E+00  9.3600E-05
  1.8000E+05  1.7861E+00  9.6130E-05
  2.4000E+05  1.7861E+00  1.0660E-04
  3.4000E+05  1.7861E+00  1.3120E-04
  5.4000E+05  1.7861E+00  1.8950E-04
  1.0000E+06  1.7861E+00  3.3480E-04
  2.0000E+06  1.7861E+00  6.5960E-04
