504
1 0.19913558226503916
2 0.20112693808768956
3 0.20313820746856645
4 0.20516958954325207
5 0.2072212854386846
6 0.20929349829307142
7 0.21138643327600218
8 0.21350029760876219
9 0.21563530058484978
10 0.2177916535906983
11 0.21996957012660528
12 0.22216926582787133
13 0.22439095848615
14 0.22663486807101155
15 0.22890121675172165
16 0.23119022891923888
17 0.23350213120843125
18 0.23583715252051554
19 0.2381955240457207
20 0.24057747928617793
21 0.24298325407903973
22 0.24541308661983008
23 0.24786721748602838
24 0.25034588966088867
25 0.2528493485574976
26 0.25537784204307257
27 0.25793162046350326
28 0.26051093666813835
29 0.2631160460348197
30 0.2657472064951679
31 0.26840467856011957
32 0.27108872534572076
33 0.27379961259917796
34 0.2765376087251697
35 0.27930298481242144
36 0.2820960146605456
37 0.2849169748071511
38 0.2877661445552226
39 0.29064380600077483
40 0.2935502440607825
41 0.29648574650139037
42 0.29945060396640427
43 0.30244511000606833
44 0.305469561106129
45 0.30852425671719025
46 0.31160949928436216
47 0.31472559427720587
48 0.3178728502199779
49 0.32105157872217766
50 0.32426209450939947
51 0.32750471545449344
52 0.3307797626090384
53 0.33408756023512876
54 0.33742843583748006
55 0.34080272019585484
56 0.34421074739781343
57 0.34765285487179154
58 0.3511293834205094
59 0.35464067725471454
60 0.3581870840272617
61 0.36176895486753435
62 0.36538664441620966
63 0.3690405108603718
64 0.37273091596897556
65 0.3764582251286653
66 0.3802228073799519
67 0.38402503545375144
68 0.387865285808289
69 0.3917439386663718
70 0.3956613780530356
71 0.3996179918335659
72 0.4036141717519016
73 0.4076503134694206
74 0.41172681660411475
75 0.415844084770156
76 0.4200025256178575
77 0.4242025508740362
78 0.4284445763827765
79 0.43272902214660425
80 0.4370563123680703
81 0.441426875491751
82 0.44584114424666854
83 0.45029955568913527
84 0.45480255124602664
85 0.4593505767584869
86 0.4639440825260718
87 0.4685835233513326
88 0.4732693585848458
89 0.4780020521706943
90 0.4827820726924013
91 0.4876098934193253
92 0.4924859923535185
93 0.4974108522770538
94 0.5023849607998243
95 0.5074088104078225
96 0.5124828985119008
97 0.5176077274970198
98 0.5227838047719899
99 0.5280116428197099
100 0.533291759247907
101 0.538624676840386
102 0.5440109236087899
103 0.5494510328448777
104 0.5549455431733264
105 0.5604949986050597
106 0.5660999485911103
107 0.5717609480770215
108 0.5774785575577916
109 0.5832533431333695
110 0.5890858765647032
111 0.5949767353303502
112 0.6009265026836539
113 0.6069357677104904
114 0.6130051253875953
115 0.6191351766414713
116 0.625326528407886
117 0.6315797936919649
118 0.6378955916288845
119 0.6442745475451734
120 0.6507172930206251
121 0.6572244659508314
122 0.6637967106103398
123 0.6704346777164433
124 0.6771390244936076
125 0.6839104147385437
126 0.6907495188859292
127 0.6976570140747883
128 0.7046335842155362
129 0.7116799200576917
130 0.7187967192582685
131 0.7259846864508511
132 0.7332445333153597
133 0.7405769786485132
134 0.7479827484349985
135 0.7554625759193484
136 0.763017201678542
137 0.7706473736953273
138 0.7783538474322808
139 0.7861373859066034
140 0.7939987597656695
141 0.8019387473633263
142 0.8099581348369594
143 0.8180577161853291
144 0.8262382933471824
145 0.834500676280654
146 0.8428456830434606
147 0.8512741398738952
148 0.8597868812726344
149 0.8683847500853606
150 0.8770685975862142
151 0.8858392835620764
152 0.894697676397697
153 0.9036446531616741
154 0.9126810996932909
155 0.9218079106902237
156 0.9310259897971259
157 0.9403362496950972
158 0.9497396121920483
159 0.9592370083139687
160 0.9688293783971084
161 0.9785176721810795
162 0.9883028489028902
163 0.9981858773919191
164 1.0081677361658383
165 1.0182494135274969
166 1.028431907662772
167 1.0387162267393995
168 1.0491033890067936
169 1.0595944228968615
170 1.0701903671258302
171 1.0808922707970885
172 1.0917011935050591
173 1.1026182054401097
174 1.113644387494511
175 1.124780831369456
176 1.1360286396831505
177 1.1473889260799819
178 1.1588628153407816
179 1.1704514434941897
180 1.1821559579291314
181 1.1939775175084228
182 1.2059172926835073
183 1.2179764656103422
184 1.2301562302664457
185 1.2424577925691098
186 1.2548823704948011
187 1.267431194199749
188 1.2801055061417466
189 1.2929065612031638
190 1.3058356268151958
191 1.3188939830833477
192 1.3320829229141813
193 1.345403752143323
194 1.358857789664756
195 1.3724463675614038
196 1.3861708312370178
197 1.400032539549388
198 1.4140328649448817
199 1.4281731935943307
200 1.442454925530274
201 1.4568794747855767
202 1.4714482695334326
203 1.4861627522287668
204 1.5010243797510545
205 1.516034623548565
206 1.5311949697840506
207 1.5465069194818912
208 1.56197198867671
209 1.577591708563477
210 1.5933676256491118
211 1.609301301905603
212 1.625394314924659
213 1.6416482580739058
214 1.6580647406546447
215 1.6746453880611911
216 1.6913918419418033
217 1.708305760361221
218 1.7253888179648336
219 1.7426427061444816
220 1.7600691332059264
221 1.7776698245379856
222 1.7954465227833656
223 1.813400988011199
224 1.831534997891311
225 1.8498503478702242
226 1.8683488513489264
227 1.8870323398624154
228 1.9059026632610394
229 1.92496168989365
230 1.9442113067925864
231 1.963653419860512
232 1.9832899540591173
233 2.0031228535997085
234 2.0231540821357052
235 2.043385622957062
236 2.063819479186633
237 2.0844576739784992
238 2.1053022507182844
239 2.126355273225467
240 2.1476188259577222
241 2.1690950142172993
242 2.1907859643594723
243 2.212693824003067
244 2.234820762243098
245 2.257168969865529
246 2.279740659564184
247 2.302538066159826
248 2.325563446821424
249 2.3488190812896383
250 2.372307272102535
251 2.39603034482356
252 2.4199906482717957
253 2.4441905547545137
254 2.4686324603020586
255 2.493318784905079
256 2.5182519727541304
257 2.543434492481672
258 2.5688688374064887
259 2.5945575257805533
260 2.620503101038359
261 2.6467081320487424
262 2.67317521336923
263 2.6999069655029224
264 2.7269060351579513
265 2.7541750955095305
266 2.781716846464626
267 2.809534014929272
268 2.8376293550785654
269 2.8660056486293506
270 2.8946657051156435
271 2.9236123621668004
272 2.9528484857884685
273 2.9823769706463525
274 3.0122007403528164
275 3.042322747756344
276 3.0727459752339077
277 3.1034734349862467
278 3.1345081693361094
279 3.1658532510294703
280 3.197511783539765
281 3.229486901375163
282 3.2617817703889145
283 3.294399588092804
284 3.327343583973732
285 3.3606170198134686
286 3.3942231900116036
287 3.4281654219117192
288 3.4624470761308364
289 3.497071546892145
290 3.5320422623610663
291 3.5673626849846767
292 3.603036311834524
293 3.639066674952869
294 3.6754573417023977
295 3.712211915119422
296 3.7493340342706154
297 3.7868273746133223
298 3.824695648359455
299 3.8629426048430493
300 3.9015720308914803
301 3.940587751200395
302 3.979993628712399
303 4.019793564999523
304 4.059991500649518
305 4.100591415656013
306 4.141597329812574
307 4.183013303110699
308 4.224843436141805
309 4.267091870503223
310 4.309762789208256
311 4.352860417100338
312 4.396389021271342
313 4.440352911484055
314 4.484756440598896
315 4.5296040050048845
316 4.5749000450549335
317 4.620649045505483
318 4.666855535960537
319 4.713524091320142
320 4.760659332233344
321 4.808265925555677
322 4.856348584811234
323 4.904912070659346
324 4.95396119136594
325 5.003500803279599
326 5.053535811312395
327 5.104071169425519
328 5.155111881119774
329 5.206662999930972
330 5.258729629930281
331 5.311316926229584
332 5.36443009549188
333 5.4180743964468
334 5.472255140411267
335 5.526977691815381
336 5.5822474687335335
337 5.638069943420869
338 5.694450642855078
339 5.751395149283629
340 5.808909100776465
341 5.86699819178423
342 5.925668173702072
343 5.984924855439092
344 6.0447741039934835
345 6.1052218450334195
346 6.166274063483753
347 6.227936804118591
348 6.290216172159776
349 6.353118333881374
350 6.416649517220188
351 6.480816012392389
352 6.545624172516314
353 6.611080414241477
354 6.677191218383892
355 6.743963130567731
356 6.811402761873407
357 6.879516789492142
358 6.9483119573870615
359 7.017795076960932
360 7.087973027730542
361 7.158852758007847
362 7.230441285587926
363 7.302745698443805
364 7.375773155428244
365 7.449530886982525
366 7.52402619585235
367 7.599266457810875
368 7.675259122388984
369 7.752011713612872
370 7.8295318307490005
371 7.907827149056491
372 7.986905420547056
373 8.066774474752528
374 8.147442219500052
375 8.228916641695053
376 8.311205808112003
377 8.394317866193123
378 8.478261044855055
379 8.563043655303604
380 8.648674091856641
381 8.735160832775207
382 8.82251244110296
383 8.91073756551399
384 8.99984494116913
385 9.089843390580823
386 9.180741824486631
387 9.272549242731497
388 9.365274735158813
389 9.4589274825104
390 9.553516757335505
391 9.649051924908859
392 9.745542444157948
393 9.842997868599525
394 9.94142784728552
395 10.040842125758378
396 10.141250547015959
397 10.24266305248612
398 10.34508968301098
399 10.44854057984109
400 10.5530259856395
401 10.658556245495896
402 10.765141807950855
403 10.872793226030364
404 10.981521158290668
405 11.091336369873574
406 11.202249733572312
407 11.314272230908033
408 11.427414953217115
409 11.541689102749285
410 11.657105993776778
411 11.773677053714547
412 11.891413824251691
413 12.010327962494209
414 12.130431242119151
415 12.251735554540343
416 12.374252910085747
417 12.497995439186605
418 12.622975393578471
419 12.749205147514257
420 12.8766971989894
421 13.005464170979291
422 13.135518812689085
423 13.266874000815976
424 13.399542740824135
425 13.533538168232376
426 13.668873549914698
427 13.805562285413846
428 13.943617908267983
429 14.083054087350666
430 14.223884628224173
431 14.366123474506413
432 14.509784709251477
433 14.654882556343996
434 14.801431381907433
435 14.949445695726508
436 15.098940152683772
437 15.24992955421061
438 15.402428849752717
439 15.556453138250246
440 15.712017669632747
441 15.869137846329076
442 16.027829224792367
443 16.18810751704029
444 16.349988592210693
445 16.5134884781328
446 16.678623362914127
447 16.84540959654327
448 17.0138636925087
449 17.18400232943379
450 17.355842352728125
451 17.529400776255404
452 17.704694784017956
453 17.88174173185814
454 18.06055914917672
455 18.241164740668488
456 18.42357638807517
457 18.607812151955923
458 18.79389027347548
459 18.981829176210233
460 19.171647467972335
461 19.363363942652057
462 19.55699758207858
463 19.752567557899365
464 19.95009323347836
465 20.149594165813145
466 20.351090107471272
467 20.554601008545987
468 20.760147018631447
469 20.96774848881776
470 21.177425973705937
471 21.389200233442995
472 21.603092235777428
473 21.819123158135202
474 22.037314389716556
475 22.25768753361372
476 22.480264408949857
477 22.705067053039354
478 22.93211772356975
479 23.161438900805447
480 23.3930532898135
481 23.626983822711637
482 23.863253660938756
483 24.10188619754814
484 24.34290505952362
485 24.58633411011886
486 24.83219745122005
487 25.080519425732252
488 25.331324619989573
489 25.58463786618947
490 25.840484244851364
491 26.098889087299877
492 26.35987797817288
493 26.623476757954606
494 26.889711525534153
495 27.158608640789495
496 27.430194727197396
497 27.704496674469365
498 27.98154164121406
499 28.261357057626206
500 28.54397062820247
501 28.829410334484493
502 29.11770443782934
503 29.40888148220763
504 29.702970297029708
