5871807.6367088174
4147901.3905832190
2930117.4375061337
2069863.1402060236
1462171.2305258312
1032891.8206469570
729644.7166285124
515428.0456693364
364103.3289325802
257206.0935637086
181692.8583439375 
128349.5826859682
90667.3796967753 
64048.3090715799
45244.3415553407
31961.0380422150
22577.5846795440
15949.0229725548
11266.5432281401
7958.7944998250
5622.1689836716
3971.5542450120
2805.5441177388 
1981.8633489557
1400.0073315901
988.9786445362
698.6240266597
493.5147319133
348.6235533294
246.2710311906
173.9682251084
122.8928274716
86.8126753293
61.3253088312
43.3207879953
30.6022213064
21.6177034680
15.2709536524
10.7875485386 
7.6204280441
5.3831436649
3.8027044608
2.6862670062
1.8976048501
1.3404863176
0.9469324278
0.6689221747
0.4725330580
0.3338018971
0.2358008707
0.1665720030
0.1176680650
0.0831218529
