#Title: The First JWST Spectral Energy Distribution of a Y dwarf 
#Authors: Beiler S.A., Cushing M.C., Kirkpatrick J.D., Schneider A.C., 
#         Mukherjee S., Marley M.S. 
#Figure: The first full spectral energy distribution from 1–21 microns 
#        of a Y dwarf (WISE 0359−54)
#================================================================================
#Byte-by-byte Description of file: dbf2.txt
#--------------------------------------------------------------------------------
#   Bytes Format Units   Label  Explanations
#--------------------------------------------------------------------------------
#   1- 10 E10.4  um      Wl     Wavelength
#  12- 22 E11.4  Jy      Flux   Flux Density
#  24- 33 E10.4  Jy    e_Flux   Uncertainty in FLux
#--------------------------------------------------------------------------------
9.5748e-01  2.2361e-08 4.1921e-07 
9.7081e-01  4.9798e-07 4.1762e-07 
9.8448e-01  8.9095e-07 4.0014e-07 
9.9848e-01  1.9889e-06 3.9789e-07 
1.0128e+00  3.0686e-06 3.8592e-07 
1.0275e+00  4.2568e-06 4.1222e-07 
1.0425e+00  5.6184e-06 4.1433e-07 
1.0578e+00  5.9034e-06 3.7352e-07 
1.0724e+00  5.3988e-06 3.8328e-07 
1.0883e+00  3.2198e-06 3.5413e-07 
1.1045e+00  1.1824e-06 3.2564e-07 
1.1211e+00  3.7406e-07 3.2043e-07 
1.1380e+00  3.2275e-07 3.1802e-07 
1.1551e+00 -8.4596e-08 3.1400e-07 
1.1725e+00  6.2567e-08 3.0845e-07 
1.1902e+00  4.1204e-07 3.1507e-07 
1.2082e+00  1.3053e-06 3.1866e-07 
1.2264e+00  3.3644e-06 3.2602e-07 
1.2448e+00  6.7394e-06 3.4689e-07 
1.2634e+00  9.5160e-06 3.7909e-07 
1.2823e+00  8.0386e-06 3.7268e-07 
1.3013e+00  4.2981e-06 3.3993e-07 
1.3205e+00  1.5732e-06 3.1914e-07 
1.3398e+00  2.5409e-07 3.3191e-07 
1.3593e+00 -1.7388e-07 3.3703e-07 
1.3788e+00  3.2443e-08 3.4593e-07 
1.3985e+00 -4.1506e-07 3.5796e-07 
1.4183e+00 -4.6843e-07 3.6291e-07 
1.4382e+00  6.1836e-07 3.8177e-07 
1.4581e+00  6.1351e-07 3.8369e-07 
1.4781e+00  4.1291e-07 3.7882e-07 
1.4981e+00  7.8559e-07 3.8761e-07 
1.5181e+00  1.2255e-06 4.0995e-07 
1.5382e+00  3.0104e-06 4.2790e-07 
1.5582e+00  5.2971e-06 4.3723e-07 
1.5782e+00  7.9359e-06 4.7490e-07 
1.5982e+00  6.4274e-06 4.9688e-07 
1.6182e+00  2.5119e-06 4.7999e-07 
1.6382e+00  4.6860e-07 4.6533e-07 
1.6581e+00  6.6607e-07 4.6292e-07 
1.6780e+00  9.4032e-07 4.8296e-07 
1.6978e+00  4.6170e-07 4.8661e-07 
1.7175e+00  7.9058e-07 4.9893e-07 
1.7372e+00  4.5355e-07 5.2662e-07 
1.7568e+00  2.4936e-07 5.0018e-07 
1.7763e+00  2.3631e-07 5.0918e-07 
1.7958e+00  3.5227e-07 5.2487e-07 
1.8152e+00  4.5680e-07 5.1607e-07 
1.8344e+00  6.7018e-07 5.5540e-07 
1.8536e+00  1.3975e-07 5.7832e-07 
1.8727e+00  7.3551e-08 5.5444e-07 
1.8917e+00 -1.6426e-07 5.6801e-07 
1.9106e+00  2.5512e-07 5.4979e-07 
1.9295e+00  4.1209e-07 5.6775e-07 
1.9482e+00  4.3097e-08 5.8062e-07 
1.9668e+00 -9.5632e-09 5.7808e-07 
1.9853e+00  1.1500e-06 6.0077e-07 
2.0037e+00  8.5153e-07 6.7657e-07 
2.0221e+00  2.8823e-06 7.5090e-07 
2.0403e+00  2.6773e-06 6.9012e-07 
2.0584e+00  1.4045e-06 6.4227e-07 
2.0764e+00  3.2548e-06 6.3018e-07 
2.0943e+00  3.5177e-06 6.4071e-07 
2.1121e+00  2.1115e-06 6.4486e-07 
2.1299e+00  1.1802e-06 6.5224e-07 
2.1475e+00  2.1378e-06 6.7930e-07 
2.1650e+00  2.4412e-06 6.8316e-07 
2.1824e+00  2.1074e-06 7.0041e-07 
2.1997e+00  7.6793e-08 6.9176e-07 
2.2169e+00 -6.6664e-07 7.0027e-07 
2.2341e+00  8.5431e-07 7.0374e-07 
2.2511e+00  1.3262e-06 7.2440e-07 
2.2680e+00  1.0903e-06 7.4085e-07 
2.2848e+00  3.7476e-07 8.3311e-07 
2.3016e+00 -8.1283e-07 7.9552e-07 
2.3182e+00 -4.0277e-07 7.6090e-07 
2.3348e+00 -7.2788e-07 7.3962e-07 
2.3512e+00  1.5443e-06 7.4916e-07 
2.3676e+00  1.8814e-06 7.4367e-07 
2.3839e+00  1.2070e-06 7.3610e-07 
2.4001e+00 -8.5182e-08 7.5062e-07 
2.4162e+00  2.8251e-08 7.6497e-07 
2.4322e+00 -4.9686e-07 7.9758e-07 
2.4481e+00  2.2787e-06 8.5602e-07 
2.4640e+00  2.7590e-06 8.1462e-07 
2.4797e+00  1.9462e-06 8.0195e-07 
2.4954e+00  2.5485e-06 8.1091e-07 
2.5110e+00  1.9219e-06 8.1064e-07 
2.5265e+00  1.7088e-06 8.1709e-07 
2.5420e+00  1.1433e-06 8.2320e-07 
2.5573e+00  9.9538e-07 8.4713e-07 
2.5726e+00  2.0510e-06 8.2979e-07 
2.5878e+00  2.2300e-07 8.3148e-07 
2.6029e+00  1.0506e-08 8.4412e-07 
2.6179e+00  6.6687e-07 8.4407e-07 
2.6329e+00  1.6758e-06 8.6079e-07 
2.6478e+00  1.3778e-06 8.7807e-07 
2.6626e+00  2.2355e-07 8.9420e-07 
2.6774e+00  3.8929e-07 9.3429e-07 
2.6911e+00  5.8823e-07 9.1509e-07 
2.7057e+00  1.0935e-06 9.5761e-07 
2.7202e+00  1.7430e-06 9.9167e-07 
2.7347e+00  1.9316e-06 9.8111e-07 
2.7491e+00  1.0345e-06 9.7602e-07 
2.7634e+00  1.3803e-06 1.0434e-06 
2.7777e+00  1.0197e-06 1.0617e-06 
2.7919e+00  8.6432e-07 1.0213e-06 
2.8060e+00  1.9800e-06 1.0197e-06 
2.8201e+00  2.1174e-06 1.0434e-06 
2.8341e+00  3.6898e-06 1.1108e-06 
2.8480e+00  1.7942e-06 1.1426e-06 
2.8619e+00  2.3593e-06 1.1655e-06 
2.8757e+00  4.2871e-06 1.1481e-06 
2.8895e+00  5.8020e-06 1.1051e-06 
2.9031e+00  4.4517e-06 1.1310e-06 
2.9168e+00  6.5616e-06 1.1583e-06 
2.9304e+00  7.4676e-06 1.1426e-06 
2.9439e+00  5.3851e-06 1.1778e-06 
2.9573e+00  8.0134e-06 1.2043e-06 
2.9707e+00  7.6613e-06 1.2182e-06 
2.9841e+00  9.3726e-06 1.2112e-06 
2.9973e+00  7.7047e-06 1.2094e-06 
3.0106e+00  7.7255e-06 1.2249e-06 
3.0238e+00  1.0875e-05 1.2652e-06 
3.0369e+00  1.1078e-05 1.2896e-06 
3.0499e+00  1.2327e-05 1.2748e-06 
3.0630e+00  1.0652e-05 1.2832e-06 
3.0759e+00  1.1873e-05 1.3177e-06 
3.0888e+00  1.1085e-05 1.3137e-06 
3.1017e+00  8.6146e-06 1.2981e-06 
3.1145e+00  8.0059e-06 1.3544e-06 
3.1272e+00  9.2169e-06 1.4112e-06 
3.1399e+00  7.3652e-06 1.3286e-06 
3.1526e+00  6.5435e-06 1.3803e-06 
3.1652e+00  2.6265e-06 1.3830e-06 
3.1778e+00  3.2002e-06 1.3385e-06 
3.1903e+00  3.4971e-06 1.3059e-06 
3.2027e+00  2.2417e-06 1.3213e-06 
3.2151e+00  3.1877e-07 1.3984e-06 
3.2275e+00  2.2734e-06 1.4240e-06 
3.2398e+00  3.1563e-06 1.3616e-06 
3.2521e+00  4.0959e-06 1.3895e-06 
3.2643e+00  2.3327e-06 1.4061e-06 
3.2765e+00  4.0418e-06 1.4280e-06 
3.2887e+00  2.4776e-06 1.4804e-06 
3.3008e+00  2.5947e-06 1.5400e-06 
3.3128e+00  2.4604e-06 1.4083e-06 
3.3248e+00  3.8856e-06 1.4740e-06 
3.3368e+00  6.1186e-06 1.5122e-06 
3.3487e+00  4.6437e-06 1.4577e-06 
3.3606e+00  4.6798e-06 1.5515e-06 
3.3724e+00  4.8692e-06 1.5293e-06 
3.3843e+00  2.5271e-06 1.4965e-06 
3.3960e+00  2.3489e-06 1.5820e-06 
3.4077e+00  3.3862e-06 1.6198e-06 
3.4194e+00  2.0372e-06 1.5314e-06 
3.4310e+00  2.9992e-06 1.5133e-06 
3.4426e+00  2.7861e-06 1.6097e-06 
3.4542e+00  5.3340e-06 1.6094e-06 
3.4657e+00  4.4513e-06 1.5923e-06 
3.4772e+00  3.1097e-06 1.6477e-06 
3.4887e+00  4.6266e-06 1.6660e-06 
3.5001e+00  5.4860e-06 1.6507e-06 
3.5114e+00  9.2190e-06 1.6985e-06 
3.5228e+00  8.4405e-06 1.6400e-06 
3.5341e+00  5.7257e-06 1.6569e-06 
3.5453e+00  6.8271e-06 1.7023e-06 
3.5566e+00  4.4309e-06 1.7187e-06 
3.5678e+00  7.5585e-06 1.7448e-06 
3.5789e+00  7.6944e-06 1.7546e-06 
3.5900e+00  8.4789e-06 1.8247e-06 
3.6011e+00  9.9479e-06 1.7634e-06 
3.6122e+00  8.7153e-06 1.7857e-06 
3.6232e+00  1.3084e-05 1.8326e-06 
3.6342e+00  1.4508e-05 1.8771e-06 
3.6451e+00  1.8183e-05 1.9223e-06 
3.6560e+00  2.3324e-05 1.9860e-06 
3.6669e+00  2.4843e-05 1.8907e-06 
3.6778e+00  2.5907e-05 1.9153e-06 
3.6886e+00  2.4503e-05 1.9431e-06 
3.6994e+00  2.5339e-05 2.0197e-06 
3.7101e+00  2.6849e-05 2.0150e-06 
3.7208e+00  3.0720e-05 1.9486e-06 
3.7315e+00  3.1865e-05 1.9793e-06 
3.7422e+00  3.3049e-05 2.1387e-06 
3.7528e+00  4.0669e-05 2.0888e-06 
3.7634e+00  4.2121e-05 2.1881e-06 
3.7740e+00  3.5504e-05 2.1003e-06 
3.7845e+00  3.3407e-05 2.0181e-06 
3.7950e+00  3.8767e-05 2.0988e-06 
3.8055e+00  5.5549e-05 2.3992e-06 
3.8159e+00  7.0223e-05 2.6846e-06 
3.8264e+00  7.4462e-05 2.5545e-06 
3.8367e+00  6.1332e-05 2.4861e-06 
3.8471e+00  4.3952e-05 2.2972e-06 
3.8574e+00  4.6114e-05 2.3375e-06 
3.8677e+00  5.5045e-05 2.3813e-06 
3.8780e+00  6.2831e-05 2.3983e-06 
3.8882e+00  6.4994e-05 2.4693e-06 
3.8985e+00  6.6724e-05 2.4927e-06 
3.9087e+00  7.2197e-05 2.4553e-06 
3.9188e+00  7.5101e-05 2.6605e-06 
3.9290e+00  8.2685e-05 2.7320e-06 
3.9391e+00  8.9206e-05 2.7113e-06 
3.9491e+00  9.1969e-05 2.7904e-06 
3.9592e+00  9.4920e-05 2.7721e-06 
3.9692e+00  9.8698e-05 2.8346e-06 
3.9792e+00  1.0280e-04 2.7756e-06 
3.9892e+00  1.0989e-04 2.8737e-06 
3.9991e+00  1.0962e-04 3.0289e-06 
4.0091e+00  1.1171e-04 2.9735e-06 
4.0190e+00  1.2338e-04 3.0255e-06 
4.0288e+00  1.1687e-04 3.0378e-06 
4.0387e+00  1.0649e-04 3.0218e-06 
4.0485e+00  1.1430e-04 3.0109e-06 
4.0583e+00  1.3498e-04 3.2740e-06 
4.0681e+00  1.4870e-04 3.2745e-06 
4.0778e+00  1.5024e-04 3.2985e-06 
4.0876e+00  1.5939e-04 3.3636e-06 
4.0973e+00  1.6044e-04 3.3869e-06 
4.1069e+00  1.5490e-04 3.3645e-06 
4.1166e+00  1.5916e-04 3.4108e-06 
4.1262e+00  1.7744e-04 3.5757e-06 
4.1358e+00  1.8015e-04 3.6476e-06 
4.1454e+00  1.6372e-04 3.4982e-06 
4.1550e+00  1.5931e-04 3.4426e-06 
4.1645e+00  1.7887e-04 3.6662e-06 
4.1740e+00  1.9124e-04 3.6882e-06 
4.1835e+00  1.7570e-04 3.6416e-06 
4.1930e+00  1.5769e-04 3.5720e-06 
4.2024e+00  1.6909e-04 3.5830e-06 
4.2118e+00  1.5831e-04 3.5763e-06 
4.2212e+00  1.3400e-04 3.4401e-06 
4.2306e+00  1.3317e-04 3.5996e-06 
4.2399e+00  1.5643e-04 3.6603e-06 
4.2493e+00  1.5956e-04 3.6700e-06 
4.2586e+00  1.5899e-04 3.6324e-06 
4.2679e+00  1.4930e-04 3.6080e-06 
4.2772e+00  1.5171e-04 3.7845e-06 
4.2864e+00  1.6526e-04 3.8359e-06 
4.2956e+00  1.6364e-04 3.6435e-06 
4.3048e+00  1.4261e-04 3.6242e-06 
4.3140e+00  1.5876e-04 3.7926e-06 
4.3232e+00  1.8538e-04 3.9420e-06 
4.3323e+00  1.6663e-04 3.9583e-06 
4.3414e+00  1.5214e-04 3.9444e-06 
4.3505e+00  1.6423e-04 3.8636e-06 
4.3596e+00  1.8741e-04 4.0650e-06 
4.3687e+00  2.0044e-04 4.1445e-06 
4.3777e+00  1.9071e-04 3.9801e-06 
4.3868e+00  1.6749e-04 3.9853e-06 
4.3958e+00  1.6145e-04 4.0004e-06 
4.4047e+00  2.0082e-04 4.1994e-06 
4.4137e+00  2.1819e-04 4.3583e-06 
4.4226e+00  1.8732e-04 4.2648e-06 
4.4316e+00  1.4693e-04 3.9105e-06 
4.4405e+00  1.5856e-04 4.0105e-06 
4.4494e+00  1.6365e-04 4.1419e-06 
4.4582e+00  1.6245e-04 4.0818e-06 
4.4671e+00  1.4018e-04 3.9841e-06 
4.4759e+00  1.3325e-04 3.9307e-06 
4.4847e+00  1.2915e-04 3.9905e-06 
4.4935e+00  1.2840e-04 3.9669e-06 
4.5023e+00  1.2520e-04 3.9587e-06 
4.5110e+00  1.1030e-04 3.9719e-06 
4.5198e+00  8.9378e-05 3.8270e-06 
4.5285e+00  8.7745e-05 3.8492e-06 
4.5372e+00  9.4235e-05 3.9020e-06 
4.5459e+00  9.5898e-05 3.7574e-06 
4.5546e+00  8.1347e-05 3.8852e-06 
4.5632e+00  7.9866e-05 3.9225e-06 
4.5718e+00  7.1503e-05 3.8460e-06 
4.5804e+00  7.6857e-05 3.9163e-06 
4.5890e+00  8.2250e-05 3.9170e-06 
4.5976e+00  7.6336e-05 3.9837e-06 
4.6062e+00  8.4229e-05 3.9521e-06 
4.6147e+00  7.8391e-05 3.8571e-06 
4.6232e+00  7.9636e-05 3.9504e-06 
4.6318e+00  9.6821e-05 4.1237e-06 
4.6403e+00  1.0106e-04 4.2890e-06 
4.6487e+00  1.0001e-04 4.3155e-06 
4.6572e+00  1.2245e-04 4.4523e-06 
4.6656e+00  1.3643e-04 4.6436e-06 
4.6741e+00  1.1286e-04 4.5653e-06 
4.6825e+00  1.1748e-04 4.4112e-06 
4.6909e+00  1.2373e-04 4.4411e-06 
4.6992e+00  1.0213e-04 4.4151e-06 
4.7076e+00  8.5960e-05 4.3162e-06 
4.7159e+00  8.4207e-05 4.4037e-06 
4.7243e+00  8.2366e-05 4.5002e-06 
4.7326e+00  9.6095e-05 4.5979e-06 
4.7409e+00  1.0367e-04 4.4674e-06 
4.7492e+00  1.1658e-04 4.5528e-06 
4.7574e+00  1.0651e-04 4.4154e-06 
4.7657e+00  9.8653e-05 4.5462e-06 
4.7739e+00  9.0322e-05 4.5789e-06 
4.7821e+00  8.0611e-05 4.4508e-06 
4.7903e+00  9.7441e-05 4.4851e-06 
4.7985e+00  1.0818e-04 4.7033e-06 
4.8067e+00  1.0717e-04 4.7295e-06 
4.8149e+00  1.1146e-04 4.7149e-06 
4.8230e+00  1.1870e-04 4.8894e-06 
4.8311e+00  1.0715e-04 4.8332e-06 
4.8392e+00  9.3273e-05 4.8614e-06 
4.8473e+00  1.1428e-04 4.8370e-06 
4.8554e+00  1.3730e-04 5.3460e-06 
4.8635e+00  1.4876e-04 5.5398e-06 
4.8715e+00  1.3672e-04 5.3159e-06 
4.8796e+00  1.3206e-04 5.4615e-06 
4.8876e+00  1.1133e-04 5.3709e-06 
4.8956e+00  1.0983e-04 5.0287e-06 
4.9036e+00  1.3150e-04 5.3293e-06 
4.9116e+00  1.5390e-04 5.4968e-06 
4.9196e+00  1.6364e-04 5.5445e-06 
4.9275e+00  1.4195e-04 5.3743e-06 
4.9355e+00  1.2280e-04 5.2017e-06 
4.9434e+00  1.1171e-04 5.2249e-06 
4.9513e+00  8.5421e-05 5.1751e-06 
4.9592e+00  9.8336e-05 5.2905e-06 
4.9671e+00  1.3336e-04 5.4669e-06 
4.9749e+00  1.3840e-04 5.4849e-06 
4.9828e+00  1.4593e-04 5.5914e-06 
4.9906e+00  1.5430e-04 5.5898e-06 
4.9985e+00  1.4152e-04 5.5173e-06 
5.0063e+00  1.1456e-04 5.4714e-06 
5.0141e+00  7.2086e-05 5.0080e-06 
5.0219e+00  6.1454e-05 5.1161e-06 
5.0297e+00  9.5264e-05 5.5956e-06 
5.0374e+00  1.1911e-04 5.6225e-06 
5.0452e+00  1.4932e-04 5.8732e-06 
5.0529e+00  1.5394e-04 6.0831e-06 
5.0606e+00  1.5966e-04 6.2222e-06 
5.0683e+00  1.3654e-04 6.2683e-06 
5.0760e+00  9.5083e-05 5.9699e-06 
5.0837e+00  8.5156e-05 5.7840e-06 
5.0914e+00  1.2234e-04 6.1394e-06 
5.0991e+00  1.2390e-04 6.4654e-06 
5.1067e+00  1.0280e-04 6.0417e-06 
5.1143e+00  1.1965e-04 5.9237e-06 
5.1220e+00  1.2218e-04 6.1576e-06 
5.1296e+00  9.1428e-05 6.0479e-06 
5.1372e+00  6.0075e-05 5.9467e-06 
5.1773e+00  9.5600e-05 2.5081e-07 
5.2440e+00  8.6154e-05 2.5634e-07 
5.3089e+00  7.8032e-05 2.4991e-07 
5.3721e+00  6.0303e-05 2.2178e-07 
5.4337e+00  4.7876e-05 2.3353e-07 
5.4941e+00  4.0737e-05 2.4954e-07 
5.5533e+00  3.1445e-05 2.2906e-07 
5.6114e+00  2.8072e-05 2.2497e-07 
5.6685e+00  2.3822e-05 2.2580e-07 
5.7246e+00  2.1259e-05 2.5031e-07 
5.7798e+00  2.1321e-05 2.4470e-07 
5.8339e+00  1.9952e-05 2.4910e-07 
5.8872e+00  1.7930e-05 2.5480e-07 
5.9396e+00  1.9421e-05 2.5883e-07 
5.9911e+00  2.0941e-05 2.7331e-07 
6.0418e+00  2.1631e-05 2.7492e-07 
6.0917e+00  2.1428e-05 2.7807e-07 
6.1409e+00  2.2644e-05 2.6659e-07 
6.1893e+00  2.8909e-05 2.8216e-07 
6.2370e+00  4.2089e-05 2.9733e-07 
6.2840e+00  4.7421e-05 3.1073e-07 
6.3304e+00  4.3496e-05 3.0486e-07 
6.3761e+00  3.0390e-05 2.9648e-07 
6.4213e+00  2.1982e-05 2.9406e-07 
6.4660e+00  1.9661e-05 2.9936e-07 
6.5101e+00  2.0342e-05 3.0597e-07 
6.5537e+00  2.2780e-05 3.1448e-07 
6.5968e+00  2.5004e-05 3.1917e-07 
6.6395e+00  2.8042e-05 3.2927e-07 
6.6818e+00  3.0379e-05 3.4404e-07 
6.7238e+00  3.4181e-05 3.5453e-07 
6.7653e+00  3.4861e-05 3.5353e-07 
6.8065e+00  3.5283e-05 3.6064e-07 
6.8474e+00  3.5737e-05 3.6341e-07 
6.8879e+00  3.8824e-05 3.6293e-07 
6.9281e+00  4.2616e-05 3.7152e-07 
6.9679e+00  4.4276e-05 3.7185e-07 
7.0074e+00  4.0259e-05 3.5174e-07 
7.0465e+00  4.3652e-05 3.6230e-07 
7.0854e+00  4.8946e-05 3.6126e-07 
7.1239e+00  4.6668e-05 3.7863e-07 
7.1621e+00  4.1702e-05 4.0406e-07 
7.2000e+00  3.9897e-05 3.9911e-07 
7.2376e+00  3.9080e-05 4.0147e-07 
7.2749e+00  3.2375e-05 3.9907e-07 
7.3119e+00  3.1778e-05 4.1060e-07 
7.3486e+00  2.8174e-05 4.1752e-07 
7.3850e+00  2.7317e-05 4.2544e-07 
7.4211e+00  2.6236e-05 4.2578e-07 
7.4570e+00  2.8095e-05 4.2286e-07 
7.4926e+00  2.6683e-05 4.3644e-07 
7.5279e+00  3.2730e-05 4.3611e-07 
7.5630e+00  3.8363e-05 4.2909e-07 
7.5978e+00  4.1782e-05 4.2344e-07 
7.6323e+00  3.8478e-05 4.2295e-07 
7.6666e+00  3.2401e-05 4.0627e-07 
7.7007e+00  2.5603e-05 4.1622e-07 
7.7345e+00  2.9493e-05 4.3207e-07 
7.7681e+00  3.2931e-05 4.3888e-07 
7.8015e+00  3.5969e-05 4.5154e-07 
7.8346e+00  3.6755e-05 4.4819e-07 
7.8676e+00  3.5841e-05 4.4601e-07 
7.9003e+00  3.3616e-05 4.4994e-07 
7.9328e+00  3.6651e-05 4.2899e-07 
7.9651e+00  4.0284e-05 4.5919e-07 
7.9972e+00  4.2478e-05 4.9659e-07 
8.0291e+00  4.1845e-05 4.9870e-07 
8.0608e+00  4.5006e-05 5.0406e-07 
8.0924e+00  4.8981e-05 5.2564e-07 
8.1237e+00  5.4898e-05 5.3306e-07 
8.1549e+00  5.5703e-05 5.4310e-07 
8.1859e+00  5.7974e-05 5.4030e-07 
8.2168e+00  6.1962e-05 5.6665e-07 
8.2474e+00  7.0859e-05 5.8827e-07 
8.2780e+00  7.5283e-05 6.1257e-07 
8.3084e+00  7.9359e-05 6.3074e-07 
8.3386e+00  7.8493e-05 6.1884e-07 
8.3687e+00  8.7015e-05 6.2106e-07 
8.3986e+00  9.2573e-05 6.4512e-07 
8.4285e+00  1.0274e-04 6.5819e-07 
8.4582e+00  1.0495e-04 6.6733e-07 
8.4877e+00  1.0820e-04 6.8096e-07 
8.5171e+00  1.1181e-04 6.5257e-07 
8.5464e+00  1.2246e-04 6.7789e-07 
8.5756e+00  1.2879e-04 7.1750e-07 
8.6046e+00  1.2466e-04 7.2515e-07 
8.6336e+00  1.2263e-04 7.3690e-07 
8.6623e+00  1.2855e-04 7.4500e-07 
8.6910e+00  1.3357e-04 7.7071e-07 
8.7195e+00  1.4221e-04 7.7781e-07 
8.7479e+00  1.3912e-04 7.8736e-07 
8.7762e+00  1.3401e-04 8.0184e-07 
8.8044e+00  1.3484e-04 8.1952e-07 
8.8324e+00  1.4415e-04 8.2359e-07 
8.8603e+00  1.5076e-04 8.3121e-07 
8.8881e+00  1.4813e-04 8.3438e-07 
8.9158e+00  1.2708e-04 7.7913e-07 
8.9433e+00  1.2029e-04 7.9177e-07 
8.9708e+00  1.2127e-04 8.4373e-07 
8.9981e+00  1.3591e-04 8.7341e-07 
9.0253e+00  1.3806e-04 8.4657e-07 
9.0524e+00  1.3912e-04 8.0297e-07 
9.0793e+00  1.4157e-04 8.1749e-07 
9.1062e+00  1.3525e-04 8.2826e-07 
9.1329e+00  1.2728e-04 8.4286e-07 
9.1596e+00  1.2490e-04 8.4035e-07 
9.1861e+00  1.3257e-04 8.7452e-07 
9.2125e+00  1.3305e-04 9.1616e-07 
9.2388e+00  1.4264e-04 9.4897e-07 
9.2650e+00  1.4031e-04 9.4424e-07 
9.2911e+00  1.2955e-04 9.4940e-07 
9.3170e+00  1.1968e-04 9.5658e-07 
9.3429e+00  1.2312e-04 9.6845e-07 
9.3687e+00  1.3244e-04 9.9183e-07 
9.3943e+00  1.4337e-04 1.0171e-06 
9.4199e+00  1.5520e-04 1.0237e-06 
9.4453e+00  1.5118e-04 9.1835e-07 
9.4707e+00  1.3374e-04 8.7872e-07 
9.4959e+00  1.2240e-04 8.8698e-07 
9.5211e+00  1.2232e-04 9.7282e-07 
9.5461e+00  1.3127e-04 1.0383e-06 
9.5710e+00  1.4570e-04 1.0317e-06 
9.5959e+00  1.5488e-04 1.0638e-06 
9.6206e+00  1.5732e-04 1.0856e-06 
9.6453e+00  1.4704e-04 1.0589e-06 
9.6699e+00  1.3210e-04 1.0444e-06 
9.6943e+00  1.2124e-04 1.0736e-06 
9.7187e+00  1.3305e-04 1.1061e-06 
9.7430e+00  1.5427e-04 1.0983e-06 
9.7671e+00  1.6860e-04 1.0781e-06 
9.7912e+00  1.7889e-04 1.1156e-06 
9.8152e+00  1.8042e-04 1.1197e-06 
9.8391e+00  1.6137e-04 1.1081e-06 
9.8630e+00  1.4708e-04 1.1303e-06 
9.8867e+00  1.3728e-04 1.1776e-06 
9.9103e+00  1.3984e-04 1.1927e-06 
9.9339e+00  1.6454e-04 1.2289e-06 
9.9574e+00  1.8772e-04 1.2548e-06 
9.9808e+00  2.0324e-04 1.2687e-06 
1.0004e+01  2.0365e-04 1.3166e-06 
1.0027e+01  1.9360e-04 1.3439e-06 
1.0050e+01  1.7209e-04 1.2911e-06 
1.0073e+01  1.5810e-04 1.3551e-06 
1.0096e+01  1.6385e-04 1.3703e-06 
1.0119e+01  1.8317e-04 1.4018e-06 
1.0142e+01  2.0949e-04 1.4307e-06 
1.0165e+01  2.2700e-04 1.4602e-06 
1.0188e+01  2.2736e-04 1.4317e-06 
1.0210e+01  2.2150e-04 1.4790e-06 
1.0233e+01  2.1163e-04 1.4224e-06 
1.0255e+01  1.8893e-04 1.4677e-06 
1.0277e+01  1.6364e-04 1.4850e-06 
1.0300e+01  1.3492e-04 1.4811e-06 
1.0322e+01  9.7355e-05 1.4469e-06 
1.0344e+01  6.2389e-05 1.4252e-06 
1.0366e+01  4.8630e-05 1.4113e-06 
1.0388e+01  4.8798e-05 1.3851e-06 
1.0410e+01  6.2058e-05 1.4629e-06 
1.0432e+01  7.7834e-05 1.5313e-06 
1.0454e+01  9.1098e-05 1.5724e-06 
1.0476e+01  9.4628e-05 1.5525e-06 
1.0497e+01  1.0342e-04 1.6263e-06 
1.0519e+01  1.0098e-04 1.7094e-06 
1.0540e+01  1.0481e-04 1.7257e-06 
1.0562e+01  1.1262e-04 1.7578e-06 
1.0583e+01  1.1996e-04 1.7469e-06 
1.0605e+01  1.2932e-04 1.7880e-06 
1.0626e+01  1.2134e-04 1.8044e-06 
1.0647e+01  1.0189e-04 1.7180e-06 
1.0668e+01  8.3100e-05 1.6736e-06 
1.0689e+01  6.6878e-05 1.7018e-06 
1.0710e+01  5.2255e-05 1.7508e-06 
1.0731e+01  3.9599e-05 1.8470e-06 
1.0752e+01  5.5302e-05 1.8875e-06 
1.0773e+01  5.7881e-05 1.9424e-06 
1.0794e+01  6.7619e-05 1.9830e-06 
1.0815e+01  7.2787e-05 1.9958e-06 
1.0836e+01  8.7956e-05 2.0316e-06 
1.0856e+01  1.0741e-04 2.0837e-06 
1.0877e+01  1.1258e-04 2.1605e-06 
1.0897e+01  1.2115e-04 2.2517e-06 
1.0918e+01  1.2478e-04 2.2092e-06 
1.0938e+01  1.2631e-04 2.2162e-06 
1.0959e+01  1.1907e-04 2.1772e-06 
1.0979e+01  1.1457e-04 2.1798e-06 
1.0999e+01  1.1497e-04 2.3021e-06 
1.1020e+01  1.2013e-04 2.2476e-06 
1.1040e+01  1.3721e-04 2.3802e-06 
1.1060e+01  1.3895e-04 2.4482e-06 
1.1080e+01  1.5707e-04 2.5211e-06 
1.1100e+01  1.5928e-04 2.5990e-06 
1.1120e+01  1.6262e-04 2.5743e-06 
1.1140e+01  1.7504e-04 2.6559e-06 
1.1160e+01  1.8634e-04 2.7375e-06 
1.1180e+01  1.6389e-04 2.8008e-06 
1.1200e+01  1.3512e-04 2.7202e-06 
1.1219e+01  1.0894e-04 2.6505e-06 
1.1239e+01  1.1234e-04 2.7230e-06 
1.1259e+01  1.1537e-04 2.7540e-06 
1.1278e+01  1.3030e-04 2.8481e-06 
1.1298e+01  1.5035e-04 2.9676e-06 
1.1317e+01  1.6116e-04 3.0881e-06 
1.1337e+01  1.6754e-04 3.0673e-06 
1.1356e+01  1.5747e-04 3.1515e-06 
1.1376e+01  1.4939e-04 3.2104e-06 
1.1395e+01  1.5571e-04 3.2227e-06 
1.1414e+01  1.6036e-04 3.2734e-06 
1.1433e+01  1.6025e-04 3.2676e-06 
1.1453e+01  1.4304e-04 3.2938e-06 
1.1472e+01  1.3027e-04 3.3322e-06 
1.1491e+01  1.1469e-04 3.3330e-06 
1.1510e+01  1.1586e-04 3.4203e-06 
1.1529e+01  1.1380e-04 3.3373e-06 
1.1548e+01  1.2364e-04 3.3300e-06 
1.1567e+01  1.2375e-04 3.4543e-06 
1.1585e+01  1.5645e-04 3.6511e-06 
1.1604e+01  1.6333e-04 3.7228e-06 
1.1623e+01  1.6567e-04 3.7122e-06 
1.1642e+01  1.4916e-04 3.7829e-06 
1.1660e+01  1.5897e-04 3.8279e-06 
1.1679e+01  1.4364e-04 3.9935e-06 
1.1698e+01  1.3887e-04 3.9611e-06 
1.1716e+01  1.2882e-04 4.1262e-06 
1.1735e+01  1.1827e-04 4.0456e-06 
1.1753e+01  9.9494e-05 4.2616e-06 
1.1771e+01  8.1249e-05 4.2829e-06 
1.1790e+01  7.9991e-05 4.6441e-06 
1.1808e+01  9.1734e-05 4.6328e-06 
1.1826e+01  1.0152e-04 4.5863e-06 
1.1844e+01  1.1369e-04 4.7939e-06 
1.1863e+01  1.3453e-04 4.9916e-06 
1.1881e+01  1.0836e-04 5.1523e-06 
1.1899e+01  1.4311e-04 5.2771e-06 
1.1917e+01  1.4285e-04 5.2924e-06 
1.1935e+01  1.1857e-04 5.0031e-06 
1.1953e+01  1.1831e-04 4.9069e-06 
1.1971e+01  1.1091e-04 5.5157e-06 
1.1989e+01  8.9465e-05 5.6104e-06 
